hood.name,total,pct.asian,pct.black,pct.latino,pct.other,pct.white,top.group,is.majority
Acton,7030.975324581955,0.02674637141643553,0.019411683339376828,0.18582587916452423,0.023491310334362706,0.7445247557453006,white,TRUE
Adams-Normandie,8103.938052184382,0.05577406241574166,0.23103967022181612,0.6436958556615024,0.01345938564803452,0.05603102605290525,latino,TRUE
Agoura Hills,18859.537872653007,0.07739197654714995,0.025417663494691472,0.10852598889815486,0.04080783138774023,0.7478565396722636,white,TRUE
Agua Dulce,9145.375978043588,0.04457199943219496,0.016502176005857735,0.1907711639273761,0.05768673230015606,0.6904679283344151,white,TRUE
Alhambra,85018.16331384717,0.5084384329069621,0.01954432075865336,0.3591115771929298,0.02261029152849384,0.090295377612961,asian,TRUE
Alsace,9964.592815738175,0.01752997869042745,0.17981014670201903,0.7183122756691679,0.022602542236856184,0.06174505670152922,latino,TRUE
Altadena,43794.87952725706,0.06740630454357903,0.2123296681136296,0.28509033581158794,0.045541424333714914,0.3896322671974885,white,FALSE
Anaverde,2538.317964967696,0.08288243483551089,0.056112894052516814,0.49637442788871855,0.05766193943334898,0.3069683037899047,latino,FALSE
Angeles National Forest,1710.7296319787179,0.030580874913598444,0.0719014963571918,0.2187889266790197,0.0681246363747335,0.6106040656754566,white,TRUE
Angelino Heights,2126.4638890406995,0.17737999048750486,0.003353465858534684,0.42788603462726704,0.06362597228026459,0.32775453674642874,latino,FALSE
Arcadia,66936.24341245723,0.5862508082379115,0.013116075293867489,0.14901905708220606,0.03300339103288932,0.21861066835312562,asian,TRUE
Arleta,34224.56483315293,0.10145982946130816,0.008517576004975729,0.8040770143458633,0.01113217614417585,0.07481340404367692,latino,TRUE
Artesia,16708.530751029262,0.36676858027698983,0.028978218297390692,0.39652567552012047,0.039857868842047874,0.16786965706345114,latino,FALSE
Athens Village,4675.705827868994,0.009153555637020892,0.24555710995768187,0.6992708752155412,0.010107601665134771,0.035910857524621205,latino,TRUE
Athens-Westmont,42697.8867137268,0.004248666110801921,0.46186979109144083,0.5051108448012375,0.013213122589819267,0.015557575406700564,latino,TRUE
Atwater Village,15263.199087722533,0.18506899344022779,0.010122899148851294,0.47446034308345925,0.05071838666857203,0.2796293776588897,latino,FALSE
Avalon,3444.3253712405412,7.41896691422176e-6,2.7214233857534914e-4,0.5913602421945703,0.014061023956741239,0.39429917254319896,latino,TRUE
Avocado Heights,5242.129874048973,0.12938739694760562,0.006320057975887303,0.833014846803474,0.0029195846604529634,0.028358113612580123,latino,TRUE
Azusa,61654.6730740249,0.10259535032832172,0.025290603835050312,0.7011772024783478,0.019025753590026888,0.15191108976825332,latino,TRUE
Baldwin Hills,27553.18969996352,0.04190618072606459,0.5691542930255569,0.29643853798787634,0.03516722952410359,0.05733375873639867,black,TRUE
Baldwin Park,75894.42255301485,0.18950943584388757,0.018392583556476744,0.7405296190336519,0.011924266739513217,0.039644094826470556,latino,TRUE
Bandini Islands,238.7785482381578,1.2922631665659523e-4,0.003904305688649314,0.9742435847363015,0.003544331566450169,0.01817855169194244,latino,TRUE
Bassett,11700.328003209932,0.11294625846708133,0.017897348176107938,0.8242910785347545,0.015963013757177864,0.028902301064878476,latino,TRUE
Bel Air,7792.750695532507,0.10963316748136202,0.024703360309826863,0.06193723481247288,0.06270394969213247,0.7410222877042059,white,TRUE
Bell,36750.89347703987,0.0069414073422846756,0.009441714374261218,0.9260621256407747,0.006618845507804108,0.05093590713487526,latino,TRUE
Bell Gardens,42489.84371988608,0.008384399838673427,0.006456028463948388,0.9562336123610943,0.0020917396652942407,0.026834219670989704,latino,TRUE
Bellflower,77533.65570002349,0.12570287488537646,0.1215461526780011,0.5570020711872462,0.03207500077031253,0.1636739004790637,latino,TRUE
Beverly Crest,11356.22080789051,0.07222107354057095,0.011604207047724824,0.044569835843057626,0.013982064655044963,0.8576228189136017,white,TRUE
Beverly Hills,34592.4451545486,0.09534971395472319,0.016419448491013063,0.0623036426137916,0.05020310389237059,0.7757240910481015,white,TRUE
Beverlywood,11600.651545031495,0.11162970421812349,0.03522360022274053,0.08819149844236937,0.0240069009883292,0.7409482961284374,white,TRUE
Bouquet Canyon,1021.7169635619811,0.024494793552289954,1.0542170875987461e-4,0.19653380646364071,0.06351465541930798,0.7153513228560014,white,TRUE
Boyle Heights,83963.98518386332,0.01440826811736109,0.012973057090315716,0.9500670331696484,0.0038789595636967975,0.01867268205897803,latino,TRUE
Bradbury,1117.3861086273441,0.33809383576017277,0.00858097766991635,0.12995863076539674,0.008335749070516516,0.5150308067339976,white,TRUE
Brentwood,30647.514354339357,0.07634119798334041,0.01465423111272008,0.06524502481796786,0.04640656064942758,0.7973529854365441,white,TRUE
Brookside,880.2802237828238,0.1967974280722125,0.16519043125199007,0.08226520940904389,0.037693581729686704,0.5180533495370668,white,TRUE
Burbank,104217.66267352454,0.1226067482745411,0.025642027568147607,0.23709055504095045,0.047622037741039125,0.5670386313753217,white,TRUE
Cadillac-Corning,6247.8550515342295,0.043678232409402266,0.19200133149518436,0.4837719822029132,0.06578938326556179,0.21475907062693847,latino,FALSE
Calabasas,14512.098518295588,0.08534278152092954,0.006285107287842036,0.08015320757923158,0.05531012663110069,0.7729087769808962,white,TRUE
Canoga Park,64567.20410305173,0.14059219448159313,0.040339805917255465,0.5582017219210964,0.023218634398108916,0.23764764328194604,latino,TRUE
Canyon Country,6466.608668991693,0.100550251656334,0.05372477079816585,0.30503890836999575,0.03670663736185645,0.503979431813648,white,TRUE
Carson,92297.94732111685,0.24224325090579435,0.2417696051864595,0.3922786953096973,0.054066792348011046,0.06964165625003774,latino,FALSE
Carthay,14145.78922232642,0.07729660874509967,0.031814925486835385,0.0845089449486186,0.06043660400612393,0.7459429168133225,white,TRUE
Castaic,26803.44277061388,0.08529420284758966,0.06741995445010607,0.33238585430895523,0.04708964392748034,0.46781034446586867,white,FALSE
Central,38249.54266483033,0.009166842467707666,0.04227888961722823,0.9381201927194083,0.0035453426977272067,0.0068887324979286175,latino,TRUE
Century City,12972.850066241523,0.18353717926448634,0.03820614811010069,0.059882613259732896,0.04207112697858074,0.6763029323870994,white,TRUE
Century Palms/Cove,32969.77601088294,0.0031480986993460266,0.29496418726083146,0.6802620775995831,0.016609038791966957,0.0050165976482724325,latino,TRUE
Cerritos,50589.72061530898,0.594253578221018,0.07273353830631188,0.13812571412134977,0.04563250993156546,0.149254659419755,asian,TRUE
Charter Oak,32.47374270058835,0.39917836357411846,0.03166723724751797,0.35689832249229714,0.05032523108524478,0.16193084560082163,asian,FALSE
Chatsworth,38075.432578109416,0.17176068756293303,0.043441525601243154,0.25442970526190223,0.04275312691539304,0.48761495465852855,white,FALSE
Cheviot Hills,9109.533416454908,0.0981375937337113,0.023386161778091073,0.0934249512310586,0.03540854487362306,0.749642748383516,white,TRUE
Chinatown,9274.812991571009,0.641003562786499,0.07578202606543409,0.1622054704090567,0.015895992188463482,0.10511294855054673,asian,TRUE
Claremont,36569.735755590926,0.13885495213148985,0.050915581043992506,0.26155638918175805,0.05014749579098411,0.4985255818517755,white,FALSE
Cloverdale/Cochran,13678.522719581306,0.02952753644895101,0.2475758245817913,0.5996340546915784,0.029037500747512063,0.09422508353016733,latino,TRUE
Commerce,12875.29553155157,0.00611698111948098,0.025654476245533585,0.9351471103054546,0.01412938362024204,0.018952048709288787,latino,TRUE
Compton,99932.6725687598,0.008393390016393061,0.27997838538764175,0.68633017806271,0.011819403654298075,0.013478642878957042,latino,TRUE
Country Club Park,14193.607697864967,0.3806315916571063,0.09297779588445573,0.36818404085223355,0.033118687856135365,0.1250878837500691,asian,FALSE
Covina,66884.26974374866,0.13513278888593463,0.03172963592726382,0.6064294328161661,0.025858391886052167,0.20084975048458323,latino,TRUE
Covina (Charter Oak),11906.179092750419,0.14043364948020623,0.031116729441784657,0.5655559123301578,0.03028828031623788,0.23260542843161344,latino,TRUE
Crenshaw District,13573.201808350323,0.07645403848994935,0.39220720729157643,0.433012644418942,0.02345128009332363,0.0748748297062085,latino,FALSE
Crestview,11085.39095164618,0.07377492764499861,0.12030492670096764,0.14231081205133705,0.04785076263560328,0.6157585709670934,white,TRUE
Cudahy,24696.483715906546,0.005205155158255453,0.004614601649874553,0.9564971506063703,0.005811527553021378,0.027871565032478285,latino,TRUE
Culver City,36285.09190563016,0.15528562827676423,0.07150608129154895,0.24439301252124526,0.05682587801835039,0.4719893998920911,white,FALSE
Del Aire,5122.134754137391,0.07142473662645744,0.11513483857288956,0.4875623206088747,0.056305602999131246,0.26957250119264703,latino,FALSE
Del Rey,29360.568785295094,0.14655706755986905,0.05039981046613113,0.3604679443974609,0.05169447151963665,0.3908807060569022,white,FALSE
Del Sur,3584.5312908078,0.038916416741562376,0.1423265950958903,0.2152822028276129,0.0315652723891569,0.5719095129457775,white,TRUE
Desert View Highlands,1941.0479190275707,0.07068095914158257,0.09455644051890741,0.5336978537603823,0.057336530001485246,0.24372821657764254,latino,TRUE
Diamond Bar,45855.96399713264,0.5531310467913596,0.04111792880337344,0.1877603476902443,0.03384608403027311,0.1841445926847496,asian,TRUE
Downey,112958.05818668037,0.07069217410348116,0.030293556293246423,0.7390272282414615,0.015791304427470478,0.14419573693434046,latino,TRUE
Downtown,29522.477997367867,0.2755237754695655,0.12442471256554516,0.25966771922794024,0.04924266739539423,0.2911411253415549,white,FALSE
Duarte,25439.933461224467,0.158761276418289,0.06928398360943176,0.5276886223177257,0.02795103941245279,0.21631507824210075,latino,TRUE
Eagle Rock,39489.73735466888,0.23918206115538979,0.01438461149768896,0.42624429518005313,0.028982664838169418,0.29120636732869865,latino,FALSE
East Covina,611.9108101238692,0.1843547757207536,0.026048820343564656,0.2754125417425279,0.0411060740428452,0.4730777881503088,white,FALSE
East Hollywood,27574.466179010746,0.18363720242530754,0.02468645571853604,0.5386325355718931,0.02411735799508355,0.22892644828917988,latino,TRUE
East La Mirada,5292.141603492105,0.059201747166508445,0.008019924881959201,0.5613981741590917,0.014276263887963006,0.35710388990447767,latino,TRUE
East Lancaster,41.40209915713819,0.05127596032171523,0.014228841735470494,0.386069126368063,0.03124539279277087,0.5171806787819804,white,TRUE
East Los Angeles,118411.16501933539,0.014764491131113403,0.0031581322756009562,0.9571649194478834,0.0042944409589639986,0.020618016186438177,latino,TRUE
East Pasadena,8730.685513660437,0.24773880708510998,0.028112896729838452,0.29723159895656037,0.03150922188554276,0.39540747534294846,white,FALSE
East Rancho Dominguez,12533.396585676364,0.005751246975186572,0.14355367306797925,0.8279071401576109,0.011438503589119853,0.011349436210103394,latino,TRUE
East Whittier,4941.952392430994,0.030020293163996153,2.8065557971819474e-5,0.5400010824671106,0.009900804791195488,0.4200497540197259,latino,TRUE
Echo Park,13545.73226919745,0.14579438097120434,0.030605563730281733,0.421953871636436,0.03265437701641181,0.368991806645666,latino,FALSE
El Camino Village,8741.584153086606,0.1434979115880609,0.15694078256428345,0.443879027011213,0.0494671211453859,0.20621515769105683,latino,FALSE
El Monte,110008.98968775017,0.287023183112529,0.004364402436972053,0.6565538174489526,0.012913511988466424,0.039145085013079964,latino,TRUE
El Segundo,16679.281453073534,0.09679671111771666,0.037153206825711854,0.13019399041970775,0.09673347274733728,0.6391226188895264,white,TRUE
El Sereno,40628.89614448693,0.10307866236460139,0.00988728967382182,0.8046546811894363,0.013845906392063375,0.068533460380077,latino,TRUE
Elizabeth Lake,1728.8058001891648,0.005828677589971531,7.911264048015761e-5,0.29415450896494677,0.06977482134766955,0.6301628794569321,white,TRUE
Elysian Park,5472.835916441308,0.42088073461488795,0.028314444915676182,0.32194519194771926,0.05026564886195775,0.17859397965975884,asian,FALSE
Elysian Valley,10232.319002042552,0.15139223822853043,0.016895817752549124,0.6279158863467081,0.018975400521874096,0.18482065715033832,latino,TRUE
Encino,47562.17878351529,0.07098251008287684,0.031969109800535314,0.11733986776025655,0.038734814957182534,0.7409736973991486,white,TRUE
Exposition,3818.909021263921,0.011740354609537974,0.22503815359423313,0.7136183769647637,0.01015267267453323,0.03945044215693196,latino,TRUE
Exposition Park,44668.12485638785,0.06831332503486545,0.2063424284976513,0.6269029089715848,0.01937548675040357,0.07906585074549477,latino,TRUE
Faircrest Heights,3555.8622603462522,0.09249631199911096,0.25779819605383836,0.40201296478494825,0.04517664831696457,0.20251587884513778,latino,FALSE
Figueroa Park Square,9155.474492431085,0.003364252096965392,0.40229029060946836,0.5613246626320604,0.020379003200946134,0.01264179146055976,latino,TRUE
Florence-Firestone,109199.17598598679,0.0018548813736023679,0.11340724202319127,0.872575182720382,0.005982994187442176,0.00617969969538204,latino,TRUE
Franklin Canyon,243.93248909989444,0.05824976641520864,0.010904726436105681,0.07723632324876792,0.013342619829490105,0.8402665640704277,white,TRUE
Gardena,59860.84968671888,0.24488303617153878,0.22830172209792637,0.3862857876104436,0.04311888943521418,0.0974105646848771,latino,FALSE
Glassell Park,31330.52618299081,0.19653034011014295,0.015192505341851242,0.5544160013274788,0.02944581109199285,0.20441534212853418,latino,TRUE
Glendale,200270.895550852,0.1528911239334951,0.015442447970356833,0.18154655315512153,0.029861707847804408,0.6202581670932221,white,TRUE
Glendora,55488.53638190665,0.11112420660374683,0.020469748460443894,0.33396525584723424,0.045550342284577876,0.4888904468039972,white,FALSE
Gramercy Place,10692.124154983723,0.0022484600322438585,0.7283888889291119,0.22406862374138262,0.03133780154474497,0.013956225752516696,black,TRUE
Granada Hills,55854.861309387714,0.16581444008262908,0.04337719843719303,0.3360936839043964,0.02744770354487536,0.4272669740309061,white,FALSE
Green Meadows,21584.662574898375,0.004384988839258413,0.2772083696197211,0.7104964740957793,0.002587080900883883,0.005323086544357207,latino,TRUE
Hacienda Heights,53931.19907480667,0.4030351202723057,0.010051145504865446,0.45351967149362565,0.014353211115622143,0.11904085161358106,latino,FALSE
Hancock Park,15776.61785728587,0.2845471201461296,0.02820397126119992,0.1124999858756443,0.05356608849590089,0.5211828342211252,white,TRUE
Harbor City,29489.19030535861,0.18364749258317412,0.09515802956182048,0.44640498993021527,0.054022180289369406,0.22076730763542077,latino,FALSE
Harbor Gateway,41800.64821769887,0.1640816016192183,0.15268363640056185,0.5730847236928475,0.030323559844838963,0.07982647844253357,latino,TRUE
Harbor Pines,2396.332174148637,0.09974727773264801,0.06795214073813732,0.4473880774901162,0.031047973549052657,0.3538645304900459,latino,FALSE
Harvard Heights,18310.75593451226,0.1257901376494328,0.08029495687695926,0.7478152751607582,0.012945257151031174,0.03315437316181868,latino,TRUE
Harvard Park,37961.16500882698,0.005663955907403443,0.2886385258670981,0.6811261709121481,0.010811562240239199,0.013759785073111094,latino,TRUE
Hawaiian Gardens,14779.018216250552,0.12213807054717163,0.04583292841369881,0.7314020844343413,0.018073679098731282,0.08255323750605698,latino,TRUE
Hawthorne,90064.15961074947,0.08215954674053354,0.22612029981348572,0.5398357977884989,0.04853464161226417,0.1033497140452177,latino,TRUE
Hermosa Beach,19414.165947800524,0.061618095696222244,0.013126543859285585,0.09834007015565277,0.05495022339988751,0.771965066888952,white,TRUE
Hi Vista,589.4786675077189,0.022088880713356084,0.015487966298527802,0.4797638507789594,0.035670373859051356,0.4469889283501053,latino,FALSE
Hidden Hills,2339.570818789816,0.0944680765682242,0.00610835350532446,0.0951823243081394,0.02981509437221847,0.7744261512460934,white,TRUE
Highland Park,46579.53954287379,0.1171157192177852,0.022951036555486398,0.6725429517853455,0.03365332909548544,0.15373696334589737,latino,TRUE
Historic Filipinotown,15482.810916974016,0.2678967886824599,0.03413862435221311,0.5898357477095348,0.02332580069519907,0.08480303856059301,latino,TRUE
Hollywood,64073.585148282946,0.07990462148219851,0.06977926877860374,0.28247914161857346,0.04948470275417058,0.5183522653664536,white,TRUE
Hollywood Hills,27095.82488796709,0.07123207292275557,0.04632820774856756,0.10445380622669619,0.052783615266679206,0.7252022978353014,white,TRUE
Huntington Park,60578.328164481805,0.0046257657854015906,0.009115516844420211,0.9661613205044273,0.0048628898964906435,0.01523450696926023,latino,TRUE
Hyde Park,26838.73364658629,0.008268729470167178,0.5131435646768548,0.4212970629792107,0.02678859408408572,0.030502048789681595,black,TRUE
Industry,22491.87499508657,0.34011764093577856,0.011471040304422761,0.5440836896657583,0.010059908506112686,0.09426772058792775,latino,TRUE
Inglewood,112106.85124783247,0.018638264725532823,0.40017855440356187,0.5099476939068354,0.031331968450926645,0.03990351851314336,latino,TRUE
Irwindale,1958.2722354729426,0.0690888796149957,0.009461923294281284,0.8364782511675368,0.00709834063393599,0.07787260528925007,latino,TRUE
Jefferson Park,7945.064745484249,0.035865649754609874,0.27389194017749424,0.6232722547472798,0.014982657814268432,0.0519874975063477,latino,TRUE
Kagel/Lopez Canyons,4764.048047013034,0.08156393825343795,0.06827178579553504,0.5233636974068868,0.02391166636453797,0.3028889121796021,latino,TRUE
Koreatown,49846.666370235056,0.35218597268092017,0.04141562452388157,0.5273031265911376,0.018555845313749365,0.06053943089031121,latino,TRUE
La Canada Flintridge,21647.9909320735,0.2957244032717904,0.006384299497498204,0.10178202879718744,0.0414597653831122,0.5546495030504118,white,TRUE
La Crescenta-Montrose,18059.52725542654,0.2831047934539284,0.001672687146434905,0.1590445429375034,0.028936344875015552,0.5272416315871176,white,TRUE
La Habra Heights,9954.658469618966,0.16769900463913667,0.0028401735887433896,0.3418574958987916,0.027983128859851058,0.4596201970134772,white,FALSE
La Mirada,49160.587794980645,0.20091591806441395,0.020027170995802358,0.4192825399386821,0.03036066505016778,0.32941370595093394,latino,FALSE
La Puente,40642.07582431963,0.11078482320650766,0.009987756520054073,0.8344454557877339,0.008720394632824582,0.03606156985287971,latino,TRUE
La Rambla,2271.347149597377,0.06044656987337609,0.023015086577704968,0.6029284726724028,0.04937794687363095,0.26423192400288514,latino,TRUE
La Verne,34985.37109614053,0.09742398376327653,0.03125862220310838,0.35939590379177105,0.02530523771389539,0.48661625252794877,white,FALSE
Ladera Heights,12607.043654709458,0.10893559700695878,0.5401213971658482,0.08245776264273767,0.059085152909403665,0.2094000902750517,black,TRUE
Lafayette Square,3863.020610289381,0.08143459535069998,0.2940156710559582,0.4733318429900617,0.02016119457613861,0.13105669602714168,latino,FALSE
Lake Balboa,40919.657038574995,0.09170171924328557,0.04413668604681508,0.5369817841004503,0.038771845231224934,0.28840796537822416,latino,TRUE
Lake Hughes,213.12331881474813,0.07616676972181946,0.05691179759426266,0.3678936709554966,0.024338381994319522,0.47468937973410175,white,FALSE
Lake Los Angeles,13089.870987916864,0.012438182702154703,0.09535236198290716,0.5803009979011259,0.017171640466473684,0.29473681694733844,latino,TRUE
Lake Manor,1787.0165310001407,0.04710187007305079,0.05586877689966543,0.22042544362847005,0.11707643102252979,0.559527478376284,white,TRUE
Lakeview Terrace,13234.007953065848,0.06200092593832391,0.07565483318562241,0.62532064362792394,0.016380721307353796,0.2206428759407758,latino,TRUE
Lakewood,80665.66964639995,0.1817806547158249,0.07465890239814053,0.3451529142474451,0.04595175196604396,0.3524557766725454,white,FALSE
Lancaster,154912.90478125913,0.04055725849354199,0.2115321163610216,0.39405160933067823,0.03573249543485669,0.31812652037990147,latino,FALSE
Lawndale,32802.42025594183,0.1022093869704504,0.08115357692519612,0.6350435009734875,0.03166799626656521,0.14992553886430082,latino,TRUE
Leimert Park,14736.21689813079,0.0158621953538772,0.6256006633405862,0.2810754537407674,0.032273285664600006,0.04518840190016912,black,TRUE
Lennox,18911.625869788673,0.02171027352228139,0.02937976236649096,0.9242469427220844,0.009797929342206625,0.014865092046936574,latino,TRUE
Leona Valley,3884.8079790399483,0.061255874693948,0.08085568377603694,0.15816205982659876,0.0373655229740317,0.6623608587293847,white,TRUE
Lincoln Heights,31217.917478325733,0.20849694735441401,0.006425430977148709,0.7113190008388126,0.009518622277573288,0.0642399985520515,latino,TRUE
Little Armenia,7544.300010677462,0.15734194484136838,0.027970933073816075,0.3547346339644255,0.016967615131036156,0.4429848729893539,white,FALSE
Little Bangladesh,26987.614608275846,0.4607600217441004,0.06406514294514565,0.3283703011867465,0.052132276472296075,0.0946722576517113,asian,FALSE
Little Tokyo,3943.248582753005,0.4625061288123174,0.1996033848850083,0.16998940512792846,0.031763578954565636,0.13613750222018006,asian,FALSE
Littlerock,976.3433633708205,0.0012552818542347366,0.052492351976794006,0.670039273538161,0.02815610367238421,0.24805698895842612,latino,TRUE
Littlerock/Juniper Hills,1069.249247770653,0.00915754800400086,0.06366654073291994,0.47036950162663993,0.03192271088958224,0.42488369874685705,latino,FALSE
Littlerock/Pearblossom,7074.445669660077,2.187530923315622e-5,0.050573006333150046,0.669510752983475,0.02854490818294388,0.2513494571911979,latino,TRUE
Llano,2808.922451163105,0.009131603268318005,0.06369771785343208,0.47010571786372934,0.03196406198470458,0.42510089902981607,latino,FALSE
Lomita,20414.010224438796,0.15553738422289515,0.04805234300551581,0.32864733192169354,0.05145135538882888,0.41631158546106667,white,FALSE
Long Beach,464832.71768334555,0.12952102340755448,0.12467018777946384,0.42874575623075706,0.04040986237998757,0.27665317020223706,latino,FALSE
Longwood,3777.532808151768,0.0318830706404719,0.26352611707167073,0.5808370564384273,0.030170978672596924,0.0935827771768332,latino,TRUE
Los Feliz,20542.36373584596,0.10569971063332759,0.025833032551734286,0.11628258094680975,0.038644458844151366,0.7135402170239771,white,TRUE
Lynwood,71759.274857951,0.007611679019815709,0.0829192193915252,0.875372943270378,0.01046296034590369,0.023633197972377347,latino,TRUE
Malibu,9644.619859658433,0.025766579525837368,0.009896446106107012,0.09776233307108008,0.04043658888210145,0.8261380524148741,white,TRUE
Manchester Square,8769.520987416308,0.002278733311820518,0.7005443573466825,0.2504599685404889,0.021307855821684926,0.02540908497932308,black,TRUE
Mandeville Canyon,3086.624397739144,0.05844775130948484,0.026725635980532358,0.032705509898131584,0.036853163128438365,0.8452679396834126,white,TRUE
Manhattan Beach,35180.831476066014,0.11945594401002887,0.0042152168476803685,0.08371561336490592,0.050407343161624485,0.7422058826157605,white,TRUE
Mar Vista,42507.820655292904,0.1418167681137291,0.03343019320513287,0.27401087334516777,0.0501500665435256,0.5005920987924447,white,TRUE
Marina del Rey,6011.1192975275735,0.08869587761117777,0.07113939121434441,0.11704357520256399,0.03464776065323418,0.6884733953186796,white,TRUE
Marina Peninsula,3701.9386155401107,0.07745047438682205,0.012544454561131967,0.08655494659838044,0.0473074443147944,0.7761426801388712,white,TRUE
Maywood,25956.23673576294,0.002602430820077549,0.003633103438589014,0.9788269719300411,0.0012049952504343635,0.013732498560857955,latino,TRUE
Melrose,72619.46141163964,0.12898052055177042,0.0373606854441136,0.41749493613828403,0.03182961041316303,0.3843342474526689,latino,FALSE
Mid-city,15421.615924696474,0.06326099111241917,0.2668923597881192,0.3591175861297511,0.051458319780445905,0.2592707431892646,latino,FALSE
Miracle Mile,16735.387211319456,0.14809222252977683,0.12539916124652534,0.14180758071243138,0.05525944659270604,0.5294415889185604,white,TRUE
Mission Hills,24065.290677907826,0.09089986020380618,0.016919141762672174,0.7107971939934995,0.024748778011560828,0.15663502602846138,latino,TRUE
Monrovia,43021.23508678324,0.1459660202599093,0.05447549385223969,0.42739920197113085,0.044993491855422195,0.32716579206129787,latino,FALSE
Montebello,63635.20425018607,0.13017064152443603,0.010083757886819087,0.7794786808167095,0.007464173814646447,0.07280274595738892,latino,TRUE
Monterey Park,61138.66099344766,0.6541748094638602,0.00558721762104915,0.2754171583044966,0.026119572009993083,0.03870124260060099,asian,TRUE
Mt. Washington,23401.49991573329,0.16397143277533974,0.02612535435223183,0.5900323048989611,0.017497097426389902,0.20237381054707754,latino,TRUE
Newhall,1295.4099514420434,0.07843371998488999,0.04006958236545395,0.21692936083863704,0.04068647646661999,0.623880860344399,white,TRUE
North Hills,63255.62378938724,0.13665196242761637,0.03466299535843614,0.6362430337100561,0.018781386370371446,0.17366062213351996,latino,TRUE
North Hollywood,135353.07534873288,0.07458208884811932,0.0465604033649902,0.4824276088319792,0.021576256940133716,0.3748536420147777,latino,FALSE
North Lancaster,5902.479406924779,0.054870325738932364,0.11546154821431759,0.3849199937954516,0.03457148888125486,0.4101766433700436,white,FALSE
North Whittier,6091.024273664832,0.14725378942593087,0.0069367631518956864,0.7325119922240771,0.0017481596274534974,0.11154929557064279,latino,TRUE
Northeast San Gabriel,21284.237553068902,0.5373921469583346,0.01244495649565074,0.25650766081034904,0.02087850146806854,0.17277673426759702,asian,TRUE
Northridge,70785.26842531606,0.16770126668476015,0.07393089627994469,0.34374250192373473,0.03185971953300735,0.38276561557855315,white,FALSE
Norwalk,106377.60464242252,0.13950950106996024,0.039996967312504905,0.7000599813731132,0.016925991352328276,0.10350755889209333,latino,TRUE
Pacific Palisades,20602.615756476232,0.04923426492272221,0.0024829106184566523,0.06121844193381739,0.04894511483287567,0.8381192676921282,white,TRUE
Pacoima,73814.23297292613,0.023662191446417888,0.03945042568656656,0.901265047577349,0.0078178557597704465,0.02780447952989607,latino,TRUE
Padua Hills,24.27539473362519,0.28566633098355154,0.050352467270896276,0.13125209801946963,0.02081235313863713,0.5119167505874455,white,TRUE
Palisades Highlands,3671.191686797302,0.10771607029773221,0.014987206886762253,0.039930780180470374,0.09752217812628144,0.7398437645087538,white,TRUE
Palmdale,156469.3969156325,0.04394234312631095,0.12077792185426109,0.6088811507389101,0.027861420220528902,0.19853716405998892,latino,TRUE
Palms,39565.849025236515,0.2402764714499508,0.08761101356710703,0.20323511648853892,0.055645673815213584,0.41323172467918967,white,FALSE
Palos Verdes Estates,13213.82612454506,0.21028074088130339,0.0026041483389539536,0.09578699300182618,0.03527268992626033,0.656055427851656,white,TRUE
Palos Verdes Peninsula,331.0166033667984,0.21103381337347607,0.009960973598169212,0.10964067501183157,0.031905244142356466,0.6374592938741669,white,TRUE
Panorama City,70241.36205688576,0.14015408106449886,0.031510514957675234,0.733903113240566,0.006171469336281143,0.08826082140097867,latino,TRUE
Paramount,54457.129535443106,0.02606575781729196,0.09850778521141994,0.8081508648387908,0.018956951918020177,0.048318640214477133,latino,TRUE
Park La Brea,11582.757016286538,0.2780090750806239,0.07798206633855291,0.08701154925123325,0.07304019361136643,0.48395711571822353,white,FALSE
Pasadena,141229.09147275292,0.1660252844092238,0.09336222289935396,0.34870405052322584,0.03644634815895273,0.3554620940092436,white,FALSE
Pearblossom/Llano,508.7076927024241,0.009017815882507666,0.06353334504457812,0.4725940122848144,0.03192068048003002,0.42293414630806975,latino,FALSE
Pellissier Village,993.2433041258622,0.15175165968813925,2.044688192614205e-5,0.7709189449511367,0.005814783318844493,0.07149416515995345,latino,TRUE
Pico Rivera,64788.021555753585,0.026515577953752735,0.005722667128134407,0.9049059201406144,0.008139705207461784,0.0547161295700366,latino,TRUE
Pico-Union,41795.86364080537,0.1141975494048569,0.03207484834108197,0.8084571916798847,0.008211463143553798,0.03705894743062264,latino,TRUE
Placerita Canyon,1725.6648149017565,0.28790237676791597,0.04227561361289662,0.28423819260868416,0.041670095054315355,0.34391372195618797,white,FALSE
Playa Del Rey,3079.0475025405995,0.060652730432071963,0.019938254485684648,0.09055021264874408,0.03330369446460952,0.7955551079688897,white,TRUE
Playa Vista,12752.744634965215,0.22035941956769248,0.07151780728882164,0.18095588818229022,0.033635699052612614,0.493531185908583,white,FALSE
Pomona,154407.93238336977,0.09912998326922474,0.055609811666186955,0.7107320586554964,0.022667917667903298,0.1118602287411886,latino,TRUE
Porter Ranch,34421.5818895174,0.3186896867241215,0.04272553920079968,0.1301374623533175,0.04013638010975499,0.4683109316120062,white,FALSE
Quartz Hill,10338.23285083856,0.041218711739935125,0.09308436471139359,0.28303212141753664,0.04233915055913917,0.5403256515719955,white,TRUE
Rancho Dominguez,2795.7795652871782,0.025077126702621192,0.29728983477083326,0.4555974734450182,0.020689518288176806,0.20134604679335058,latino,FALSE
Rancho Palos Verdes,41536.62581509869,0.30670852188163095,0.01782373896807972,0.09992933653635236,0.06045629156955517,0.515082111044382,white,TRUE
Rancho Park,6468.768698841597,0.24143132588348112,0.017194878453937308,0.13510695873259188,0.04984715229717395,0.5564196846328159,white,TRUE
Redondo Beach,66710.07111064167,0.1276728635715993,0.028821740705706717,0.17506061074510215,0.0664018092224041,0.6020429757551877,white,TRUE
Regent Square,2166.930465916188,0.10984257647677709,0.06894163588083006,0.5499685136911672,0.03209503054384597,0.23915224340737984,latino,TRUE
Reseda,77196.05581849325,0.12921152813742148,0.04189899376482156,0.5018854294368771,0.030202072276789293,0.29680197638409056,latino,TRUE
Reseda Ranch,4496.312162573541,0.1394474643710452,0.005360568441191858,0.5860405890907925,0.014451466625793406,0.254699911471177,latino,TRUE
Reynier Village,3577.1227837676706,0.14975353390117305,0.09656930673846288,0.31801898643732107,0.04416066727132186,0.39149750565172103,white,FALSE
Rolling Hills,1724.965512853166,0.17331914998746978,0.017126474484428274,0.06252563422651876,0.040756619185767826,0.7062721221158152,white,TRUE
Rolling Hills Estates,9488.33358364343,0.27519022482869077,0.02009972185530643,0.08245175557701433,0.041026040812847143,0.5812322569261412,white,TRUE
Roosevelt,702.9889215450966,0.05126993924906556,0.013978018118308814,0.38578796891762873,0.03128179628727552,0.5176822774277212,white,TRUE
Rosemead,52562.61662292507,0.6135215654654844,0.0016548299729816592,0.33544575190475784,0.010477746304150591,0.038900106352625516,asian,TRUE
Rosewood,836.5204807318312,0.0063742601305205645,0.5231446349977235,0.4431628471695249,0.022006374260130523,0.005311883442100471,black,TRUE
Rosewood/East Gardena,1193.2827196469698,0.1075909928730589,0.5476621717124529,0.3133739197082495,1.795280378239409e-4,0.031193387668414806,black,TRUE
Rosewood/West Rancho Dominguez,3083.5092039563465,0.01156602536974546,0.44001096924887784,0.5213987583135222,0.005500422531971267,0.021523824535883203,latino,TRUE
Rowland Heights,49400.425273086985,0.6117818828060106,0.017448298074355984,0.24361665404038857,0.02417526924183476,0.10297789583741011,asian,TRUE
San Clemente Island,146.2192789257439,0.004914004914004914,0,0.17690417690417692,0.12039312039312042,0.6977886977886978,white,TRUE
San Dimas,33573.60797080935,0.13886638176069885,0.03061911427636956,0.3463844161711688,0.030960011766153227,0.45317007602560955,white,FALSE
San Fernando,24728.511645286577,0.011055733712880884,0.009123356662662804,0.9300379213642843,0.005095330900386339,0.044687657359785644,latino,TRUE
San Francisquito Canyon/Bouquet Canyon,1491.2915649360086,0.06472752906370668,0.023419332212750693,0.21315932400079976,0.05753533316018214,0.6411584815625607,white,TRUE
San Gabriel,41127.99079885169,0.5960780616176694,0.007479270285956414,0.2615792664234635,0.013884775985067627,0.12097862568784307,asian,TRUE
San Jose Hills,20293.720440652698,0.11234063343828889,0.016285289858310646,0.8354449742643172,0.004760483733173019,0.031168618705910055,latino,TRUE
San Marino,13332.809150671104,0.5917940604428212,0.02005830082412974,0.04467675431041773,0.03821019424652841,0.3052606901761029,asian,TRUE
San Pasqual,1921.982603454561,0.24626820952506787,0.05909184179713262,0.1889856495355128,0.024139104271554718,0.481515194870732,white,FALSE
San Pedro,75974.46177334823,0.056337281277590814,0.06357775937529818,0.5100040372400182,0.04121493094625694,0.3288659911608359,latino,TRUE
Sand Canyon,121.93446591408723,0.04974190520882215,0.012670107930549039,0.14030971374941342,0.03754106053496012,0.7597372125762554,white,TRUE
Santa Catalina Island,230.13442306525016,0.004673009036083509,1.3366765101391614e-5,0.19726093909922893,0.11517042640421694,0.6828822586953692,white,TRUE
Santa Clarita,203765.3364151463,0.11128685651398305,0.03754049680174123,0.34258495210787226,0.04345011598689835,0.4651375785895051,white,FALSE
Santa Fe Springs,22829.77751352199,0.057987231591112985,0.03067978485352454,0.7875314758197112,0.02048327928816247,0.10331822844748871,latino,TRUE
Santa Monica,92086.03520134283,0.09766310911216797,0.04283514465556815,0.15848413310872422,0.05770080466826899,0.6433168084552707,white,TRUE
Santa Monica Mountains,34354.84556882118,0.08044369624235875,0.01879569820686894,0.09074611507075529,0.04076923255308856,0.7692452579269284,white,TRUE
Saugus,3097.755018211406,0.06187028767172046,0.014936668582188273,0.3143246926940418,0.04442687302965755,0.564441478022392,white,TRUE
Saugus/Canyon Country,369.43122023328783,0.1071149102746753,9.292557976391233e-4,0.17051817890842777,0.09051023821609608,0.6309274168031617,white,TRUE
Shadow Hills,4176.575581344464,0.07845344228134708,0.0036058394182878315,0.21413968969939845,0.03051520225506165,0.673285826345905,white,TRUE
Sherman Oaks,90977.48773732132,0.07478852410910616,0.052591307580826585,0.1553401475195476,0.04905489185736091,0.6682251289331588,white,TRUE
Sierra Madre,11019.608669206742,0.12423329436497305,0.010951318441096404,0.1609454109609902,0.04861539306930456,0.6552545831636357,white,TRUE
Signal Hill,11483.064929095866,0.232662566952161,0.11329768016600696,0.33605418532206,0.04008351591470286,0.27790205164506915,latino,FALSE
Silverlake,42947.173395581376,0.13932847445052743,0.014386373131754407,0.3215323125944953,0.04266085297476986,0.482091986848453,white,FALSE
South Antelope Valley,1067.688577866155,0.02012713110239316,0.11417410938883167,0.5028616859437084,0.016041819450626032,0.34679525411444084,latino,TRUE
South Carthay,9801.136062001593,0.10342841974344803,0.047129199869720126,0.09087443773389732,0.05744140255142403,0.7011265401015105,white,TRUE
South Edwards,10.655742716786088,0.05324450431538227,0.11294592092466,0.37737102980767007,0.03411487867442875,0.42232366627785906,white,FALSE
South El Monte,21595.75498088406,0.14230928450415062,0.0018363890244254889,0.8332844768437471,0.00290541790622734,0.019664431721449445,latino,TRUE
South Gate,94949.53956758339,0.007332772539808541,0.00665133088661071,0.9503768116292646,0.004708874011550685,0.03093021093276553,latino,TRUE
South Park,36964.83362264446,0.0045665791289414585,0.11157708373237435,0.8675999967441594,0.011017275098079623,0.0052390652964451586,latino,TRUE
South Pasadena,25772.648231356696,0.297669357539694,0.02574087758048019,0.1956412990566033,0.05738037026937924,0.42356809555384334,white,FALSE
South San Gabriel,10539.91364542388,0.5213184312694502,0.0027219959217316854,0.4174277355302513,0.00902047110922572,0.04951136616934104,asian,TRUE
South Whittier,55673.864438956945,0.049046376011847984,0.007873646698880188,0.7661206135504313,0.030161611045864477,0.1467977526929761,latino,TRUE
Southeast Antelope Valley,1551.0486593726885,0.025505226220329903,0.050090026148844655,0.6208045445382958,0.008979842289654125,0.2946203608028757,latino,TRUE
St Elmo Village,4038.8443365111793,0.04806434770533295,0.1284853030499745,0.7192882052200706,4.88837898972869e-4,0.10367330612564905,latino,TRUE
Stevenson Ranch,21594.197416977728,0.22941799258388373,0.025577440395102447,0.16805197631982405,0.049605795461218904,0.527346795239971,white,TRUE
Studio City,23683.434450888046,0.07280178533733897,0.04275733961775584,0.10606111686161634,0.03771887738173589,0.7406608808015529,white,TRUE
Sun Valley,53422.0700310587,0.06542522921619195,0.013848950742682203,0.6931287161805134,0.015145063200851908,0.21245204065976048,latino,TRUE
Sun Village,2927.7894210329678,0.03223015840095268,0.1423618312090386,0.6568188335024013,0.01592305520890042,0.15266612167870694,latino,TRUE
Sunland,18570.115073956447,0.10788562370106676,0.01471601883281651,0.2580870404677373,0.03425399529435619,0.5850573217040234,white,TRUE
Sunrise Village,502.7998941653479,0.08314802558640355,1.0440881733172513e-5,0.8581624472339038,0.012339353672381967,0.04633973262557751,latino,TRUE
Sycamore Square,966.6858572469757,0.14997138004410154,0.19473765784817568,0.18013650798191388,0.08964568536613009,0.38550876875967877,white,FALSE
Sylmar,78919.12910221097,0.047623186187530836,0.025584277168177894,0.7948254275428257,0.014296985040113072,0.11767012406135247,latino,TRUE
Tarzana,30045.261110682477,0.07483407688203357,0.055718521721095184,0.16549554359193297,0.038253634303020305,0.6656982235019179,white,TRUE
Temple City,37536.67462051888,0.6044910500660112,0.00910537036937705,0.20765823916482898,0.022426332720190137,0.15631900767959264,asian,TRUE
Temple-Beaudry,36383.78655752544,0.1683613621117459,0.042274446277606764,0.6531323082828051,0.02000103950626261,0.11623084382157953,latino,TRUE
Thai Town,9128.653405822648,0.1628257020666876,0.030366524132433514,0.2961308160394653,0.03238775955395821,0.47828919820745536,white,FALSE
Toluca Lake,8848.3705936025,0.07657411555069665,0.04812453411805082,0.19348463687432485,0.03498193184737746,0.6468347816095502,white,TRUE
Toluca Terrace,1031.9653878388542,0.039286198639277334,0.08808262643079393,0.4386856596252493,0.022268833838672616,0.41167668146600667,latino,FALSE
Toluca Woods,1826.962301509504,0.06443456738044667,0.02861318653711488,0.2517816951190416,0.02934093555430213,0.6258296154090948,white,TRUE
Torrance,146397.63091111628,0.3612337096202777,0.025032087369128465,0.17553917098958582,0.057194033404955075,0.3810009986160531,white,FALSE
Tujunga,26149.049983387235,0.07232912745030436,0.019924296282692537,0.2543955914635497,0.02306342738987856,0.6302875574135748,white,TRUE
Twin Lakes/Oat Mountain,1929.4592992624616,0.18480752114515644,0.025496963494391983,0.2860753261130064,0.06620611224632113,0.437414077001124,white,FALSE
Universal City,41.62369570538661,0.09093410423563904,0.01901568734880111,0.06842399738038439,0.07732236943416397,0.7443038416010116,white,TRUE
University Hills,4142.189968681535,0.15981135686810938,0.049878801831226546,0.6293550768837787,0.02703584195462653,0.13391892246225892,latino,TRUE
University Park,25469.868511341527,0.2493264458459541,0.0668992697500835,0.44737123317382954,0.03669458363162136,0.19970846759851152,latino,FALSE
Val Verde,3604.601337367606,0.03043165096939464,0.029914995211832232,0.6484679787145795,0.0160912737362829,0.27509410136791085,latino,TRUE
Valencia,926.0656007057962,0.2518762992688858,0.04064231426016862,0.21850961302325658,0.032219559433457626,0.45675221401423144,white,FALSE
Valinda,20479.872416549304,0.19485333509556085,0.02001292794997321,0.7231572687499354,0.007898433366429163,0.05407803483810147,latino,TRUE
Valley Glen,27440.097757854437,0.046642058017259194,0.045400716082762395,0.4101762980015223,0.0294071001122061,0.46837382778625003,white,FALSE
